M1:
 1  1  1  0  0  0  0  0 -1  0 
-1  0  0  1  1  1  0  0  0  0 
 0 -1  0 -1  0  0  1  0  0 -1 
 0  0 -1  0 -1  0 -1  1  0  0 
 0  0  0  0  0  0  0  0  1  1 
 0  0  0  0  0 -1  0 -1  0  0 

0 1 1 1 0 0 
0 0 1 1 0 1 
0 0 0 1 0 0 
0 0 0 0 0 1 
1 0 1 0 0 0 
0 0 0 0 0 0 

TC:
1 1 1 1 0 1 
0 1 1 1 0 1 
0 0 1 1 0 1 
0 0 0 1 0 1 
1 1 1 1 1 1 
0 0 0 0 0 1 

M2:
-1  1  1  1  1  0  0  0  0  0  0  0  0  0 -1  0  0  0  0  0  0 
 0 -1  0  0  0 -1  1  1  1  0  0  0  0  0  0 -1  0  0  0  0  0 
 0  0 -1  0  0  0 -1  0  0 -1  1  1  0  0  0  0 -1  0  0  0  0 
 0  0  0 -1  0  0  0 -1  0  0 -1  0 -1  1  0  0  0 -1  0  0  0 
 0  0  0  0  0  0  0  0  0  0  0  0  0  0  1  1  1  1 -1  1  0 
 0  0  0  0 -1  0  0  0 -1  0  0 -1  0 -1  0  0  0  0  0 -1 -1 

0 1 1 1 0 1 
0 0 1 1 0 1 
0 0 0 1 0 1 
0 0 0 0 0 1 
1 1 1 1 0 1 
0 0 0 0 0 0 

M3:
-1  0  0  1  1 -1  0  1  1 -1  1  1  0  0 -1 -1 -1  0  0  0  0 
 1 -1 -1 -2 -2  0  0 -1 -1  0 -1 -1 -1  0  2  1  1  0 -1  0 -1 
 0  1  0  1  0  1 -1  0 -1  0  1  0  1 -1  0  1  0  1  0  0  0 
 0  0  1  0  0  0  1  0  0  1 -1 -1  0  0 -1 -1  0 -1  1 -1  0 
 0  0  0  0  0  0  0  0  0  0  0  0  0  0  0  0  0  0  0  0  0 
 0  0  0  0  1  0  0  0  1  0  0  1  0  1  0  0  0  0  0  1  1 

0 1 0 0 0 0 
1 0 0 0 0 0 
1 1 0 1 0 0 
1 1 1 0 0 0 
0 0 0 0 0 0 
0 1 1 1 0 0 

